# Created by Octave 8.2.0, Tue Aug 15 20:28:57 2023 GMT <unknown@DESKTOP-PMTOK3B>
# name: solucao
# type: matrix
# rows: 120
# columns: 16
 0 0 0 0 0 5148 0 0 0 0 4532 0 0 0 0 4532
 0 0 0 0 0 7392 0 0 0 0 6468 0 0 0 0 6468
 0 0 0 0 0 7236 0 0 0 0 6192 0 0 0 0 6192
 0 0 0 0 0 6154 0 0 0 0 5134 0 0 0 0 5134
 0 0 0 0 0 7708 0 0 0 0 6478 0 0 0 0 6478
 0 0 0 0 0 4706 0 0 0 0 0 4706 0 0 0 0
 0 0 0 0 0 5427 0 0 0 0 4644 0 0 0 0 4644
 0 0 0 0 0 4887 0 0 0 0 0 4887 0 0 0 0
 0 0 0 0 0 4480 0 0 0 0 3920 0 0 0 0 3920
 0 0 0 0 0 4704 0 0 0 0 4116 0 0 0 0 4116
 0 0 0 0 0 6390 0 0 0 0 0 6390 0 0 0 0
 0 0 0 0 0 4290 0 0 0 0 3630 0 0 0 0 3630
 0 0 0 0 8015 0 0 0 0 7035 0 0 0 0 7035 0
 0 0 0 0 10335 0 0 0 0 8745 0 0 0 0 8745 0
 0 0 0 0 9160 0 0 0 0 8040 0 0 0 0 8040 0
 0 0 0 0 6390 0 0 0 0 0 6390 0 0 0 0 5520
 0 0 0 0 5828 0 0 0 0 0 5828 0 0 0 0 4898
 0 0 0 0 7800 0 0 0 0 6600 0 0 0 0 6600 0
 0 0 0 0 5589 0 0 0 0 4806 0 0 0 0 4806 0
 0 0 0 0 0 4851 0 0 0 0 0 4347 0 0 0 0
 0 0 0 0 10074 0 0 0 0 0 10074 0 0 0 0 8740
 0 0 0 0 4136 0 0 0 0 0 4136 0 0 0 0 3476
 0 0 0 0 5828 0 0 0 0 4898 0 0 0 0 4898 0
 0 0 0 0 9618 0 0 0 0 0 9618 0 0 0 0 8442
 0 0 0 0 4480 0 0 0 0 0 4480 0 0 0 0 3920
 0 0 0 0 0 10374 0 0 0 0 8232 0 0 0 0 8232
 0 0 0 0 8094 0 0 0 0 0 8094 0 0 0 0 6992
 0 0 0 0 0 5740 0 0 0 0 4228 0 0 0 0 4228
 0 0 0 0 10998 0 0 0 0 9682 0 0 0 0 9682 0
 0 0 0 0 6210 0 0 0 0 5340 0 0 0 0 5340 0
 0 0 0 0 4525 0 0 0 0 3775 0 0 0 0 3775 0
 0 0 0 0 7839 0 0 0 0 6708 0 0 0 0 6708 0
 0 0 0 0 6768 0 0 0 0 5688 0 0 0 0 5688 0
 0 0 0 0 9855 0 0 0 0 8550 0 0 0 0 8550 0
 0 0 7839 0 0 0 0 0 8931 0 0 0 0 7839 0 0
 0 0 0 9159 0 0 0 0 0 9159 0 0 0 0 7912 0
 0 0 0 6816 0 0 0 0 5888 0 0 0 0 5888 0 0
 0 0 6105 0 0 0 0 6105 0 0 0 0 6105 0 0 0
 0 0 7544 0 0 0 0 7544 0 0 0 0 7544 0 0 0
 0 0 0 6720 0 0 0 0 0 6720 0 0 0 0 5880 0
 0 0 0 0 6372 0 0 0 0 4968 0 0 0 0 4968 0
 0 0 0 8775 0 0 0 0 7425 0 0 0 0 7425 0 0
 0 0 0 4680 0 0 0 0 3960 0 0 0 0 0 4680 0
 0 0 0 7437 0 0 0 0 6364 0 0 0 0 6364 0 0
 0 0 0 0 4940 0 0 0 0 0 4480 0 0 0 0 3920
 0 0 0 5628 0 0 0 0 4816 0 0 0 0 4816 0 0
 0 0 0 5267 0 0 0 0 4623 0 0 0 0 4623 0 0
 0 0 0 7392 0 0 0 0 0 7392 0 0 0 0 6468 0
 0 0 0 8760 0 0 0 0 7600 0 0 0 0 7600 0 0
 0 0 0 8385 0 0 0 0 0 8385 0 0 0 0 7095 0
 0 0 0 0 4100 0 0 0 0 3020 0 0 0 0 3020 0
 0 0 0 4163 0 0 0 0 0 4163 0 0 0 0 3473 0
 0 0 0 8073 0 0 0 0 6942 0 0 0 0 6942 0 0
 0 0 6600 0 0 0 0 0 7800 0 0 0 0 6600 0 0
 0 0 0 4899 0 0 0 0 0 4899 0 0 0 0 4232 0
 0 0 0 7020 0 0 0 0 0 7020 0 0 0 0 6180 0
 0 0 0 7144 0 0 0 0 0 7144 0 0 0 0 6004 0
 0 0 0 5267 0 0 0 0 0 5267 0 0 0 0 4623 0
 0 0 0 9648 0 0 0 0 8256 0 0 0 0 8256 0 0
 0 0 0 5112 0 0 0 0 0 5112 0 0 0 0 4416 0
 0 0 0 6552 0 0 0 0 5768 0 0 0 0 5768 0 0
 0 0 0 7242 0 0 0 0 6256 0 0 0 0 6256 0 0
 0 0 0 7488 0 0 0 0 6592 0 0 0 0 6592 0 0
 0 0 3990 0 0 0 0 0 4599 0 0 0 0 3990 0 0
 0 0 8240 0 0 0 0 0 9360 0 0 0 0 8240 0 0
 0 0 0 5824 0 0 0 0 5096 0 0 0 0 5096 0 0
 0 0 9360 0 0 0 0 8240 0 0 0 0 8240 0 0 0
 0 0 7488 0 0 0 0 6592 0 0 0 0 6592 0 0 0
 0 0 11934 0 0 0 0 10506 0 0 0 0 0 11934 0 0
 0 0 6720 0 0 0 0 5880 0 0 0 0 5880 0 0 0
 0 0 11388 0 0 0 0 9880 0 0 0 0 9880 0 0 0
 0 0 7557 0 0 0 0 0 7557 0 0 0 0 0 7557 0
 0 9880 0 0 0 0 9880 0 0 0 0 9880 0 0 0 0
 0 0 6272 0 0 0 0 0 6272 0 0 0 0 5488 0 0
 0 0 7452 0 0 0 0 0 7452 0 0 0 0 6408 0 0
 0 0 7839 0 0 0 0 0 7839 0 0 0 0 6708 0 0
 0 0 5913 0 0 0 0 5130 0 0 0 0 5130 0 0 0
 0 0 10950 0 0 0 0 9500 0 0 0 0 9500 0 0 0
 0 0 10076 0 0 0 0 0 10076 0 0 0 0 8844 0 0
 0 0 5655 0 0 0 0 4785 0 0 0 0 4785 0 0 0
 0 0 6831 0 0 0 0 0 6831 0 0 0 0 5874 0 0
 0 4750 0 0 0 0 4750 0 0 0 0 4750 0 0 0 0
 0 9847 0 0 0 0 0 9847 0 0 0 0 8643 0 0 0
 0 5068 0 0 0 0 0 5068 0 0 0 0 4228 0 0 0
 7584 0 0 0 0 7584 0 0 0 0 7584 0 0 0 0 7584
 6364 0 0 0 0 6364 0 0 0 0 0 7437 0 0 0 0
 4750 0 0 0 0 0 5475 0 0 0 0 4750 0 0 0 0
 0 9231 0 0 0 0 7701 0 0 0 0 7701 0 0 0 0
 0 10050 0 0 0 0 8600 0 0 0 0 8600 0 0 0 0
 0 11450 0 0 0 0 0 11450 0 0 0 0 10050 0 0 0
 8250 0 0 0 0 0 9750 0 0 0 0 8250 0 0 0 0
 10506 0 0 0 0 0 11934 0 0 0 0 0 11934 0 0 0
 0 11679 0 0 0 0 0 11679 0 0 0 0 10251 0 0 0
 0 7665 0 0 0 0 6650 0 0 0 0 6650 0 0 0 0
 6468 0 0 0 0 6468 0 0 0 0 6468 0 0 0 0 6468
 0 8931 0 0 0 0 7839 0 0 0 0 7839 0 0 0 0
 0 6048 0 0 0 0 0 6048 0 0 0 0 5292 0 0 0
 0 6603 0 0 0 0 5704 0 0 0 0 5704 0 0 0 0
 4077 0 0 0 0 0 4887 0 0 0 0 4077 0 0 0 0
 0 5589 0 0 0 0 0 5589 0 0 0 0 0 5589 0 0
 0 7956 0 0 0 0 7004 0 0 0 0 7004 0 0 0 0
 0 12921 0 0 0 0 0 12921 0 0 0 0 11210 0 0 0
 0 6045 0 0 0 0 0 6045 0 0 0 0 0 6045 0 0
 0 9750 0 0 0 0 0 9750 0 0 0 0 8250 0 0 0
 0 6154 0 0 0 0 0 6154 0 0 0 0 5134 0 0 0
 0 10293 0 0 0 0 8930 0 0 0 0 8930 0 0 0 0
 7520 0 0 0 0 6320 0 0 0 0 6320 0 0 0 0 6320
 11289 0 0 0 0 0 11289 0 0 0 0 0 11289 0 0 0
 8190 0 0 0 0 7210 0 0 0 0 7210 0 0 0 0 7210
 7410 0 0 0 0 6270 0 0 0 0 6270 0 0 0 0 6270
 9594 0 0 0 0 0 9594 0 0 0 0 0 9594 0 0 0
 9945 0 0 0 0 8415 0 0 0 0 8415 0 0 0 0 8415
 4706 0 0 0 0 3926 0 0 0 0 0 4706 0 0 0 0
 6834 0 0 0 0 0 6834 0 0 0 0 5848 0 0 0 0
 7168 0 0 0 0 6272 0 0 0 0 0 7168 0 0 0 0
 8424 0 0 0 0 0 8424 0 0 0 0 7416 0 0 0 0
 6870 0 0 0 0 6030 0 0 0 0 6030 0 0 0 0 6030
 8190 0 0 0 0 0 8190 0 0 0 0 6930 0 0 0 0
 4140 0 0 0 0 0 4140 0 0 0 0 3560 0 0 0 0
 8190 0 0 0 0 0 8190 0 0 0 0 7210 0 0 0 0


